 	distances 	unit id 1 	unit id 2
1 	4.87 	310380004 	250110148
2 	8.70 	310380004 	250020035
3 	8.89 	310380004 	310830001
4 	9.02 	310380004 	70090046
5 	11.38 	310380004 	310590005
6 	13.03 	310380004 	250060133
7 	13.77 	310380004 	310960009
8 	13.84 	310380004 	120010297
9 	13.97 	310380004 	310610001
10 	15.75 	310380004 	180010105
11 	15.79 	310380004 	260720017
12 	15.86 	310380004 	70090058
13 	16.21 	310380004 	30010003
14 	16.81 	310380004 	180180018
15 	17.51 	310380004 	260330099
16 	18.46 	310380004 	250010166
17 	18.53 	310380004 	300110049
18 	18.96 	310380004 	203340070
19 	19.13 	310380004 	250180434
20 	19.53 	310380004 	250061044
21 	19.56 	310380004 	250010067
22 	19.86 	310380004 	180120016
23 	20.08 	310380004 	180150031
24 	20.51 	310380004 	310680003
25 	20.59 	310380004 	70970026
26 	20.76 	310380004 	120140009
27 	20.82 	310380004 	280020021
28 	21.00 	310380004 	250061003
29 	21.09 	310380004 	180160044
30 	21.22 	310380004 	301520085
31 	21.53 	310380004 	180160029
32 	21.56 	310380004 	180150059
33 	21.57 	310380004 	120300019
34 	21.65 	310380004 	180100022
35 	21.72 	310380004 	120210009
36 	21.85 	310380004 	205150025
37 	21.87 	310380004 	180120014
38 	22.08 	310380004 	270030053
39 	22.20 	310380004 	180160005
40 	22.33 	310380004 	180150038
